%YAML:1.0
calibration_Time: "Wed Feb 19 16:42:40 2014"
nrOfFrames: 25
image_Width: 640
image_Height: 480
board_Width: 7
board_Height: 7
square_Size: 24.
FixAspectRatio: 1.
# flags:  +fix_aspectRatio +fix_principal_point +zero_tangent_dist
flagValue: 14
Camera_Matrix: !!opencv-matrix
   rows: 3
   cols: 3
   dt: d
   data: [ 8.0471988736293019e+02, 0., 3.1950000000000000e+02, 0.,
       8.0471988736293019e+02, 2.3950000000000000e+02, 0., 0., 1. ]
Distortion_Coefficients: !!opencv-matrix
   rows: 5
   cols: 1
   dt: d
   data: [ 4.4628190636543129e-02, 1.4887161149394226e+00, 0., 0.,
       -9.7825667665347282e+00 ]
Avg_Reprojection_Error: 1.7213500269376694e+00
Per_View_Reprojection_Errors: !!opencv-matrix
   rows: 25
   cols: 1
   dt: f
   data: [ 1.53462052e+00, 1.50726008e+00, 1.57746363e+00,
       1.39637733e+00, 1.27554190e+00, 9.91962850e-01, 9.82091844e-01,
       7.84457386e-01, 1.24727345e+00, 1.46295023e+00, 1.73880243e+00,
       2.45775223e+00, 2.45449281e+00, 2.00147724e+00, 2.97287369e+00,
       1.99151194e+00, 2.34060287e+00, 2.42248845e+00, 2.06092715e+00,
       1.32474446e+00, 1.32964957e+00, 1.23842394e+00, 1.19256425e+00,
       1.24586463e+00, 1.26506519e+00 ]
# a set of 6-tuples (rotation vector + translation vector) for each view
Extrinsic_Parameters: !!opencv-matrix
   rows: 25
   cols: 6
   dt: d
   data: [ 1.2291468048877967e-01, 1.8146087809816781e-02,
       1.5000739635496163e+00, 5.4953669401787820e+01,
       -6.6642709744422774e+01, 4.5969437720719225e+02,
       1.2002887523652046e-01, 2.6214169013013672e-02,
       1.5002899564443974e+00, 5.4846735959433431e+01,
       -6.5260240243140842e+01, 4.5971330593740282e+02,
       1.1425407908633575e-01, 3.5344827502047572e-02,
       1.5030156410040594e+00, 5.3759573937008284e+01,
       -6.4000607726356904e+01, 4.5804187517763302e+02,
       1.3265143066269502e-01, 9.0408474810647274e-02,
       1.5183439545510402e+00, 6.1164520561235840e+01,
       -5.9447645557387887e+01, 4.4909839238412548e+02,
       1.7240918034793434e-01, 1.5260201132089293e-01,
       1.5132969721751703e+00, 7.8217303711974040e+01,
       -5.6494168672989289e+01, 4.4279829971244254e+02,
       2.1880803413392846e-01, 2.5151118173187204e-01,
       1.5384476487548269e+00, 8.7826183624508090e+01,
       -4.6385552595874664e+01, 4.2786897970812743e+02,
       2.6925543981449157e-01, 3.5801909331190868e-01,
       1.5814428962283349e+00, 9.7093701455359451e+01,
       -3.7937731010349907e+01, 4.1809944122136636e+02,
       2.6011979630882581e-01, 4.2500188924131643e-01,
       1.5892344640318943e+00, 1.0851198548790302e+02,
       -3.6859102281931534e+01, 4.1447553045095077e+02,
       1.9323234041159801e-01, 3.9359155608837221e-01,
       1.5806779882530368e+00, 9.7743218100971731e+01,
       -3.5290249975276353e+01, 4.1646810807900710e+02,
       -3.2564081495756431e-01, 1.4461415780703374e-01,
       -1.5492060088271675e+00, -5.7935944161575051e+01,
       1.0947583518855041e+02, 4.4626803275836050e+02,
       5.0911381857434844e-02, 8.6152213882385489e-02,
       1.5414619613297420e+00, 3.6225365816740769e+01,
       -4.1692178365636856e+01, 4.2347159657919889e+02,
       5.1061719589769961e-02, -1.3518449976524202e-02,
       -2.2692730206833590e-02, -1.1699914810203441e+02,
       -4.3122952067408214e+01, 4.1689047405787221e+02,
       1.2964586063759573e-01, -3.5142732209923422e-02,
       -2.1828107301551755e-02, -1.1028063404760174e+02,
       -5.4438416062041718e+01, 4.0492399940950304e+02,
       3.9913889054279894e-02, -1.5198260686496703e-01,
       1.5384537193692931e+00, 3.3619039745236428e+01,
       -6.3204312640180149e+01, 4.0432438910926470e+02,
       2.2554390308434433e-01, -1.2390277316268773e-01,
       3.7377969931850497e-02, -1.2487346577389201e+02,
       -7.4107525272147029e+01, 3.6371925445054740e+02,
       2.1694718305093322e-01, 8.9848102262130414e-02,
       3.8250932123216015e-02, -7.5728526639390267e+01,
       -7.0456051005905977e+01, 3.3499849931126579e+02,
       2.2955669395228953e-01, 1.1082758856119770e-02,
       2.9454315061676669e-02, -9.0404724362855006e+01,
       -7.2380071780935992e+01, 3.2901865930049348e+02,
       1.8033585175636938e-01, -4.7796179699897086e-02,
       9.2407938955897564e-02, -1.2866872770052314e+02,
       -9.2136601526559346e+01, 3.6616181151568782e+02,
       -3.2714150646353635e-02, 4.0820982596123316e-02,
       1.4597672343802212e-01, -1.0240569593318850e+02,
       -1.1910436908903715e+02, 4.5373382681546065e+02,
       -2.8488118994531283e-02, 1.3606595235117866e-01,
       1.9083907920691720e-01, -4.8479830809900918e+01,
       -1.3580488927388632e+02, 4.8906426150144239e+02,
       -8.4245938991681313e-02, 1.6197390073544385e-01,
       1.4925682572353066e-01, -4.4960762316256464e+01,
       -1.2355971941127488e+02, 4.9187404607729735e+02,
       -7.2249101181497036e-02, 1.4141775175151533e-01,
       1.1865498363556065e-01, -5.2589816216226836e+01,
       -1.2184041594503674e+02, 4.9627906271610823e+02,
       -7.9872862705287595e-02, 1.4433322964544365e-01,
       1.2065173187661860e-01, -5.5252747822426002e+01,
       -1.1846735674841548e+02, 4.9739628433760089e+02,
       -8.4712239171008702e-02, 1.3729384828053492e-01,
       1.2023107653424962e-01, -5.7785600698617976e+01,
       -1.1808967462976554e+02, 4.9680593495362626e+02,
       -8.1509575273631021e-02, 1.3452428702914868e-01,
       1.2024263721547306e-01, -5.8410166388323638e+01,
       -1.1982673533699716e+02, 4.9777238441406541e+02 ]
