<?xml version="1.0"?>
<opencv_storage>
<calibration_Time>"Wed Feb 19 16:41:51 2014"</calibration_Time>
<nrOfFrames>25</nrOfFrames>
<image_Width>640</image_Width>
<image_Height>480</image_Height>
<board_Width>7</board_Width>
<board_Height>7</board_Height>
<square_Size>24.</square_Size>
<FixAspectRatio>1.</FixAspectRatio>
<!-- flags:  +fix_aspectRatio +fix_principal_point +zero_tangent_dist -->
<flagValue>14</flagValue>
<Camera_Matrix type_id="opencv-matrix">
  <rows>3</rows>
  <cols>3</cols>
  <dt>d</dt>
  <data>
    1.4696273153359216e+03 0. 3.1950000000000000e+02 0.
    1.4696273153359216e+03 2.3950000000000000e+02 0. 0. 1.</data></Camera_Matrix>
<Distortion_Coefficients type_id="opencv-matrix">
  <rows>5</rows>
  <cols>1</cols>
  <dt>d</dt>
  <data>
    -1.7226913518385869e+00 4.6288108562013427e+01 0. 0.
    -1.4482541425176126e+02</data></Distortion_Coefficients>
<Avg_Reprojection_Error>9.0043624070542605e-01</Avg_Reprojection_Error>
<Per_View_Reprojection_Errors type_id="opencv-matrix">
  <rows>25</rows>
  <cols>1</cols>
  <dt>f</dt>
  <data>
    9.00177956e-01 8.55317354e-01 8.26945662e-01 7.93414891e-01
    7.82615840e-01 7.96607375e-01 8.04651320e-01 7.95695901e-01
    7.97840118e-01 8.24229300e-01 8.04845393e-01 7.98414409e-01
    8.04066658e-01 7.99868166e-01 8.44702721e-01 6.62772715e-01
    4.12844837e-01 5.59375644e-01 1.49441457e+00 1.85194886e+00
    1.15543401e+00 6.92616880e-01 7.31026709e-01 8.11768711e-01
    8.31890166e-01</data></Per_View_Reprojection_Errors>
<!-- a set of 6-tuples (rotation vector + translation vector) for each view -->
<Extrinsic_Parameters type_id="opencv-matrix">
  <rows>25</rows>
  <cols>6</cols>
  <dt>d</dt>
  <data>
    -1.9338418624520903e-01 2.1660959896535897e-01
    1.5295293125596265e+00 6.9505458699882851e+01
    -5.1860772616603917e+01 9.0605962374608782e+02
    -1.9637835560247457e-01 2.1904910849177459e-01
    1.5247834323258338e+00 6.8228408072777810e+01
    -5.0846502478753727e+01 9.0636811502254011e+02
    -1.9379671838537740e-01 2.2236126959257643e-01
    1.5211961738729682e+00 6.7661896533632529e+01
    -5.0246602981952051e+01 9.0643897286699485e+02
    -1.9611530313726841e-01 2.2007555556326280e-01
    1.5222425127053014e+00 6.8264054451491816e+01
    -4.9045764861444290e+01 9.0755876995688664e+02
    -1.9676944637923011e-01 2.2011747045861940e-01
    1.5244431978419677e+00 6.8865460913753509e+01
    -4.8301272093973765e+01 9.0739285787721246e+02
    -1.9892298694527619e-01 2.2094857434057111e-01
    1.5235340822998145e+00 6.8731344830488624e+01
    -4.8344123559503075e+01 9.0677919467785318e+02
    -1.9910958734974502e-01 2.1841365081820965e-01
    1.5229435998792085e+00 6.9214949705300882e+01
    -4.8770702016988849e+01 9.0666008690861338e+02
    -2.6898994490343903e-01 1.5647351117219582e-02
    -3.5128811359823361e-02 -7.3699616674862952e+01
    -4.2648008659439427e+01 9.0884414309277815e+02
    -2.0014336974366725e-01 2.2306010411420699e-01
    1.5248334758334130e+00 6.9986309296830896e+01
    -4.8132833501875872e+01 9.0615775854754929e+02
    -2.0113981802086364e-01 2.2277455791279688e-01
    1.5276679245834686e+00 7.0398632928139378e+01
    -4.9482463752150359e+01 9.0506795108616825e+02
    -2.0567134072335175e-01 2.2526581437323920e-01
    1.5302090134290522e+00 7.0252244571429387e+01
    -5.1093101694840989e+01 9.0468419336019065e+02
    -2.0986690595459145e-01 2.2237852583822570e-01
    1.5308908489931949e+00 7.4320027145213203e+01
    -5.2956237053308200e+01 9.0312386975770312e+02
    -2.1254950329897304e-01 2.1717579657374397e-01
    1.5118503478354517e+00 7.7959430155975113e+01
    -5.9362954826900946e+01 9.0350792394714495e+02
    -1.9761399570471624e-01 2.1996160685678023e-01
    1.4891634915204006e+00 8.6890656857406100e+01
    -6.9605118290696723e+01 9.0529705579814117e+02
    -2.0543036198807943e-01 2.2087328192495054e-01
    1.4595368216446396e+00 9.1425599460572926e+01
    -8.2852489895372912e+01 9.1111280472326860e+02
    -2.2166591294023824e-01 2.0335796104033396e-01
    1.4416919261531187e+00 9.4155180816140515e+01
    -9.0689972385724857e+01 9.2124638216104290e+02
    -2.4348295226669636e-01 2.0978219228353542e-01
    1.4369262638905569e+00 1.0344478995880243e+02
    -9.1025620810212402e+01 9.2572245782731625e+02
    -2.9003806983725389e-01 2.0352414105914635e-01
    1.4182777003322466e+00 1.0535712919747054e+02
    -7.1310359773670172e+01 9.3064834475904615e+02
    -3.7369180639670141e-01 2.2159690070652410e-01
    1.4144554909135338e+00 1.0296754046055167e+02
    -2.6953307435525854e+01 9.3005840195631720e+02
    -5.0688445156269957e-01 2.8358490572991335e-01
    1.4220150011153778e+00 9.7615006575574782e+01
    -1.2207215027364018e+01 9.0718262480755902e+02
    -4.5171174256998564e-01 2.5414935417848439e-01
    1.4204440702210375e+00 9.2055126725881820e+01
    -6.9169695369608007e+01 9.2203163053866876e+02
    -3.9587986397436309e-01 2.0591614904770769e-01
    1.4140132973728305e+00 8.5531116514758907e+01
    -1.1317948408128019e+02 9.1744513766216915e+02
    -4.0730784739256964e-01 2.0859658844146037e-01
    1.4148844009061134e+00 8.4448492272268382e+01
    -1.0249814390648167e+02 9.2006265983453341e+02
    -4.1763750867110050e-01 2.1234964519418734e-01
    1.4172286026852399e+00 8.5333735727218510e+01
    -9.4159601465101161e+01 9.2239529325642479e+02
    -4.1909727979261002e-01 -1.4681530259038697e-01
    -1.1029356879234871e-01 -5.1003681825931110e+01
    -7.9210720900034545e+01 9.0434519904094077e+02</data></Extrinsic_Parameters>
